color_correction_model:
    a00: 2.490000
    a10: -0.960000
    a20: -0.520000
    a01: -0.130000
    a11: 2.250000
    a21: 0.010000
    a02: -1.080000
    a12: -0.650000
    a22: 2.900000
    offset0: -7.650000
    offset1: 5.100000
    offset2: -5.100000
    gamma: 0.815
    final_gamma: 2.2

