color_correction_model:
    a00: 2.03034
    a10: -0.751991
    a20: -0.340002
    a01: -0.134767
    a11: 1.79106
    a21: -0.202441
    a02: -1.27558
    a12: -0.448314
    a22: 4.25894
    offset0: 5.0601
    offset1: 4.9084
    offset2: -23.1920
    gamma: 0.7752
    final_gamma: 2.2
