color_correction_model:
    a00: 2.51133
    a10: -0.953855
    a20: -0.423609
    a01: -0.0966615
    a11: 2.06996
    a21: -0.129595
    a02: -1.22539
    a12: -0.471418
    a22: 3.32801
    offset0: 2.3163282
    offset1: 10.2612255
    offset2: -12.0061905
    gamma: 0.779
    final_gamma: 2.2
