color_correction_model:
    a00: 3.240000
    a10: -1.020000
    a20: -0.480000
    a01: -0.460000
    a11: 2.300000
    a21: -0.300000
    a02: -1.400000
    a12: -0.600000
    a22: 3.720000
    offset0: 2.550000
    offset1: 12.750000
    offset2: 2.550000
    gamma: 0.735000
    final_gamma: 2.200000
