color_correction_model:
    a00: 2.930000
    a10: -0.760000
    a20: -0.330000
    a01: -0.130000
    a11: 2.020000
    a21: -0.170000
    a02: -1.890000
    a12: -0.740000
    a22: 3.900000
    offset0: 5.100000
    offset1: 10.200000
    offset2: -2.550000
    gamma: 0.670000
    final_gamma: 2.200000
