distortion_model:
    f_x: 7.5926611397737815e+02
    c_x: 3.5399648421721923e+02
    f_y: 7.6138742476974392e+02
    c_y: 2.3894768843674638e+02

    k1: -4.5255173510825003e-01
    k2: 3.7835916268831343e-01
    p1: 0.
    p2: 0.
    k3: -2.2611329515577996e-01
