color_correction_model:
    a00: 2.190000
    a10: -0.610000
    a20: -0.140000
    a01: -0.270000
    a11: 1.540000
    a21: -0.400000
    a02: -1.000000
    a12: -0.350000
    a22: 3.120000
    offset0: 5.100000
    offset1: 7.650000
    toffset2: -7.650000
    gamma: 0.748000
    final_gamma: 2.200000
