color_correction_model:
	a00: 1.550000
	a10: -0.500000
	a20: -0.210000
	a01: -0.150000
	a11: 1.030000
	a21: -0.050000
	a02: -0.430000
	a12: -0.220000
	a22: 1.190000
	offset0: 0.000000
	offset1: 10.200000
	offset2: -2.550000
